0,5,10,15,20,25,30,35,40,45,50,55,60,65,70,75,80,85,90,95,-1.0,-0.28366218546322625,0.8390715290764524,0.7596879128588213,-0.40808206181339196,-0.9912028118634736,-0.15425144988758405,0.9036922050915067,0.6669380616522619,-0.5253219888177297,-0.9649660284921133,-0.022126756261955736,0.9524129804151563,0.562453851238172,-0.6333192030862999,-0.9217512697247493,0.11038724383904756,0.9843766433940419,0.4480736161291701,-0.7301735609948197,1,0,0,0,0
5,10,15,20,25,30,35,40,45,50,55,60,65,70,75,80,85,90,95,100,-0.28366218546322625,0.8390715290764524,0.7596879128588213,-0.40808206181339196,-0.9912028118634736,-0.15425144988758405,0.9036922050915067,0.6669380616522619,-0.5253219888177297,-0.9649660284921133,-0.022126756261955736,0.9524129804151563,0.562453851238172,-0.6333192030862999,-0.9217512697247493,0.11038724383904756,0.9843766433940419,0.4480736161291701,-0.7301735609948197,-0.8623188722876839,1,0,0,0,0
10,15,20,25,30,35,40,45,50,55,60,65,70,75,80,85,90,95,100,105,0.8390715290764524,0.7596879128588213,-0.40808206181339196,-0.9912028118634736,-0.15425144988758405,0.9036922050915067,0.6669380616522619,-0.5253219888177297,-0.9649660284921133,-0.022126756261955736,0.9524129804151563,0.562453851238172,-0.6333192030862999,-0.9217512697247493,0.11038724383904756,0.9843766433940419,0.4480736161291701,-0.7301735609948197,-0.8623188722876839,0.24095904923620143,1,0,0,0,0
15,20,25,30,35,40,45,50,55,60,65,70,75,80,85,90,95,100,105,110,0.7596879128588213,-0.40808206181339196,-0.9912028118634736,-0.15425144988758405,0.9036922050915067,0.6669380616522619,-0.5253219888177297,-0.9649660284921133,-0.022126756261955736,0.9524129804151563,0.562453851238172,-0.6333192030862999,-0.9217512697247493,0.11038724383904756,0.9843766433940419,0.4480736161291701,-0.7301735609948197,-0.8623188722876839,0.24095904923620143,0.999020813314648,1,0,0,0,0
20,25,30,35,40,45,50,55,60,65,70,75,80,85,90,95,100,105,110,115,-0.40808206181339196,-0.9912028118634736,-0.15425144988758405,0.9036922050915067,0.6669380616522619,-0.5253219888177297,-0.9649660284921133,-0.022126756261955736,0.9524129804151563,0.562453851238172,-0.6333192030862999,-0.9217512697247493,0.11038724383904756,0.9843766433940419,0.4480736161291701,-0.7301735609948197,-0.8623188722876839,0.24095904923620143,0.999020813314648,0.3258098052199642,1,0,0,0,0
25,30,35,40,45,50,55,60,65,70,75,80,85,90,95,100,105,110,115,120,-0.9912028118634736,-0.15425144988758405,0.9036922050915067,0.6669380616522619,-0.5253219888177297,-0.9649660284921133,-0.022126756261955736,0.9524129804151563,0.562453851238172,-0.6333192030862999,-0.9217512697247493,0.11038724383904756,0.9843766433940419,0.4480736161291701,-0.7301735609948197,-0.8623188722876839,0.24095904923620143,0.999020813314648,0.3258098052199642,-0.8141809705265618,1,0,0,0,0
30,35,40,45,50,55,60,65,70,75,80,85,90,95,100,105,110,115,120,125,-0.15425144988758405,0.9036922050915067,0.6669380616522619,-0.5253219888177297,-0.9649660284921133,-0.022126756261955736,0.9524129804151563,0.562453851238172,-0.6333192030862999,-0.9217512697247493,0.11038724383904756,0.9843766433940419,0.4480736161291701,-0.7301735609948197,-0.8623188722876839,0.24095904923620143,0.999020813314648,0.3258098052199642,-0.8141809705265618,-0.7877145121442345,1,0,0,0,0
35,40,45,50,55,60,65,70,75,80,85,90,95,100,105,110,115,120,125,130,0.9036922050915067,0.6669380616522619,-0.5253219888177297,-0.9649660284921133,-0.022126756261955736,0.9524129804151563,0.562453851238172,-0.6333192030862999,-0.9217512697247493,0.11038724383904756,0.9843766433940419,0.4480736161291701,-0.7301735609948197,-0.8623188722876839,0.24095904923620143,0.999020813314648,0.3258098052199642,-0.8141809705265618,-0.7877145121442345,0.3672913304546965,1,0,0,0,0
40,45,50,55,60,65,70,75,80,85,90,95,100,105,110,115,120,125,130,135,0.6669380616522619,-0.5253219888177297,-0.9649660284921133,-0.022126756261955736,0.9524129804151563,0.562453851238172,-0.6333192030862999,-0.9217512697247493,0.11038724383904756,0.9843766433940419,0.4480736161291701,-0.7301735609948197,-0.8623188722876839,0.24095904923620143,0.999020813314648,0.3258098052199642,-0.8141809705265618,-0.7877145121442345,0.3672913304546965,0.9960878351411849,1,0,0,0,0
45,50,55,60,65,70,75,80,85,90,95,100,105,110,115,120,125,130,135,140,-0.5253219888177297,-0.9649660284921133,-0.022126756261955736,0.9524129804151563,0.562453851238172,-0.6333192030862999,-0.9217512697247493,0.11038724383904756,0.9843766433940419,0.4480736161291701,-0.7301735609948197,-0.8623188722876839,0.24095904923620143,0.999020813314648,0.3258098052199642,-0.8141809705265618,-0.7877145121442345,0.3672913304546965,0.9960878351411849,0.19781357400426822,1,0,0,0,0
50,55,60,65,70,75,80,85,90,95,100,105,110,115,120,125,130,135,140,145,-0.9649660284921133,-0.022126756261955736,0.9524129804151563,0.562453851238172,-0.6333192030862999,-0.9217512697247493,0.11038724383904756,0.9843766433940419,0.4480736161291701,-0.7301735609948197,-0.8623188722876839,0.24095904923620143,0.999020813314648,0.3258098052199642,-0.8141809705265618,-0.7877145121442345,0.3672913304546965,0.9960878351411849,0.19781357400426822,-0.8838633737085002,1,0,0,0,0
0,5,10,15,20,25,30,35,40,45,50,55,60,65,70,75,80,85,90,95,1.0,0.28366218546322625,-0.8390715290764524,-0.7596879128588213,0.40808206181339196,0.9912028118634736,0.15425144988758405,-0.9036922050915067,-0.6669380616522619,0.5253219888177297,0.9649660284921133,0.022126756261955736,-0.9524129804151563,-0.562453851238172,0.6333192030862999,0.9217512697247493,-0.11038724383904756,-0.9843766433940419,-0.4480736161291701,0.7301735609948197,0,2,0,0,0
5,10,15,20,25,30,35,40,45,50,55,60,65,70,75,80,85,90,95,100,0.28366218546322625,-0.8390715290764524,-0.7596879128588213,0.40808206181339196,0.9912028118634736,0.15425144988758405,-0.9036922050915067,-0.6669380616522619,0.5253219888177297,0.9649660284921133,0.022126756261955736,-0.9524129804151563,-0.562453851238172,0.6333192030862999,0.9217512697247493,-0.11038724383904756,-0.9843766433940419,-0.4480736161291701,0.7301735609948197,0.8623188722876839,0,2,0,0,0
10,15,20,25,30,35,40,45,50,55,60,65,70,75,80,85,90,95,100,105,-0.8390715290764524,-0.7596879128588213,0.40808206181339196,0.9912028118634736,0.15425144988758405,-0.9036922050915067,-0.6669380616522619,0.5253219888177297,0.9649660284921133,0.022126756261955736,-0.9524129804151563,-0.562453851238172,0.6333192030862999,0.9217512697247493,-0.11038724383904756,-0.9843766433940419,-0.4480736161291701,0.7301735609948197,0.8623188722876839,-0.24095904923620143,0,2,0,0,0
15,20,25,30,35,40,45,50,55,60,65,70,75,80,85,90,95,100,105,110,-0.7596879128588213,0.40808206181339196,0.9912028118634736,0.15425144988758405,-0.9036922050915067,-0.6669380616522619,0.5253219888177297,0.9649660284921133,0.022126756261955736,-0.9524129804151563,-0.562453851238172,0.6333192030862999,0.9217512697247493,-0.11038724383904756,-0.9843766433940419,-0.4480736161291701,0.7301735609948197,0.8623188722876839,-0.24095904923620143,-0.999020813314648,0,2,0,0,0
20,25,30,35,40,45,50,55,60,65,70,75,80,85,90,95,100,105,110,115,0.40808206181339196,0.9912028118634736,0.15425144988758405,-0.9036922050915067,-0.6669380616522619,0.5253219888177297,0.9649660284921133,0.022126756261955736,-0.9524129804151563,-0.562453851238172,0.6333192030862999,0.9217512697247493,-0.11038724383904756,-0.9843766433940419,-0.4480736161291701,0.7301735609948197,0.8623188722876839,-0.24095904923620143,-0.999020813314648,-0.3258098052199642,0,2,0,0,0
25,30,35,40,45,50,55,60,65,70,75,80,85,90,95,100,105,110,115,120,0.9912028118634736,0.15425144988758405,-0.9036922050915067,-0.6669380616522619,0.5253219888177297,0.9649660284921133,0.022126756261955736,-0.9524129804151563,-0.562453851238172,0.6333192030862999,0.9217512697247493,-0.11038724383904756,-0.9843766433940419,-0.4480736161291701,0.7301735609948197,0.8623188722876839,-0.24095904923620143,-0.999020813314648,-0.3258098052199642,0.8141809705265618,0,2,0,0,0
30,35,40,45,50,55,60,65,70,75,80,85,90,95,100,105,110,115,120,125,0.15425144988758405,-0.9036922050915067,-0.6669380616522619,0.5253219888177297,0.9649660284921133,0.022126756261955736,-0.9524129804151563,-0.562453851238172,0.6333192030862999,0.9217512697247493,-0.11038724383904756,-0.9843766433940419,-0.4480736161291701,0.7301735609948197,0.8623188722876839,-0.24095904923620143,-0.999020813314648,-0.3258098052199642,0.8141809705265618,0.7877145121442345,0,2,0,0,0
35,40,45,50,55,60,65,70,75,80,85,90,95,100,105,110,115,120,125,130,-0.9036922050915067,-0.6669380616522619,0.5253219888177297,0.9649660284921133,0.022126756261955736,-0.9524129804151563,-0.562453851238172,0.6333192030862999,0.9217512697247493,-0.11038724383904756,-0.9843766433940419,-0.4480736161291701,0.7301735609948197,0.8623188722876839,-0.24095904923620143,-0.999020813314648,-0.3258098052199642,0.8141809705265618,0.7877145121442345,-0.3672913304546965,0,2,0,0,0
40,45,50,55,60,65,70,75,80,85,90,95,100,105,110,115,120,125,130,135,-0.6669380616522619,0.5253219888177297,0.9649660284921133,0.022126756261955736,-0.9524129804151563,-0.562453851238172,0.6333192030862999,0.9217512697247493,-0.11038724383904756,-0.9843766433940419,-0.4480736161291701,0.7301735609948197,0.8623188722876839,-0.24095904923620143,-0.999020813314648,-0.3258098052199642,0.8141809705265618,0.7877145121442345,-0.3672913304546965,-0.9960878351411849,0,2,0,0,0
45,50,55,60,65,70,75,80,85,90,95,100,105,110,115,120,125,130,135,140,0.5253219888177297,0.9649660284921133,0.022126756261955736,-0.9524129804151563,-0.562453851238172,0.6333192030862999,0.9217512697247493,-0.11038724383904756,-0.9843766433940419,-0.4480736161291701,0.7301735609948197,0.8623188722876839,-0.24095904923620143,-0.999020813314648,-0.3258098052199642,0.8141809705265618,0.7877145121442345,-0.3672913304546965,-0.9960878351411849,-0.19781357400426822,0,2,0,0,0
50,55,60,65,70,75,80,85,90,95,100,105,110,115,120,125,130,135,140,145,0.9649660284921133,0.022126756261955736,-0.9524129804151563,-0.562453851238172,0.6333192030862999,0.9217512697247493,-0.11038724383904756,-0.9843766433940419,-0.4480736161291701,0.7301735609948197,0.8623188722876839,-0.24095904923620143,-0.999020813314648,-0.3258098052199642,0.8141809705265618,0.7877145121442345,-0.3672913304546965,-0.9960878351411849,-0.19781357400426822,0.8838633737085002,0,2,0,0,0
0,5,10,15,20,25,30,35,40,45,50,55,60,65,70,75,80,85,90,95,0.0,-0.9589242746631385,-0.5440211108893698,0.6502878401571168,0.9129452507276277,-0.13235175009777303,-0.9880316240928618,-0.428182669496151,0.7451131604793488,0.8509035245341184,-0.26237485370392877,-0.9997551733586199,-0.3048106211022167,0.8268286794901034,0.7738906815578891,-0.38778163540943045,-0.9938886539233752,-0.1760756199485871,0.8939966636005579,0.683261714736121,0,0,3,0,0
5,10,15,20,25,30,35,40,45,50,55,60,65,70,75,80,85,90,95,100,-0.9589242746631385,-0.5440211108893698,0.6502878401571168,0.9129452507276277,-0.13235175009777303,-0.9880316240928618,-0.428182669496151,0.7451131604793488,0.8509035245341184,-0.26237485370392877,-0.9997551733586199,-0.3048106211022167,0.8268286794901034,0.7738906815578891,-0.38778163540943045,-0.9938886539233752,-0.1760756199485871,0.8939966636005579,0.683261714736121,-0.5063656411097588,0,0,3,0,0
10,15,20,25,30,35,40,45,50,55,60,65,70,75,80,85,90,95,100,105,-0.5440211108893698,0.6502878401571168,0.9129452507276277,-0.13235175009777303,-0.9880316240928618,-0.428182669496151,0.7451131604793488,0.8509035245341184,-0.26237485370392877,-0.9997551733586199,-0.3048106211022167,0.8268286794901034,0.7738906815578891,-0.38778163540943045,-0.9938886539233752,-0.1760756199485871,0.8939966636005579,0.683261714736121,-0.5063656411097588,-0.9705352835374847,0,0,3,0,0
15,20,25,30,35,40,45,50,55,60,65,70,75,80,85,90,95,100,105,110,0.6502878401571168,0.9129452507276277,-0.13235175009777303,-0.9880316240928618,-0.428182669496151,0.7451131604793488,0.8509035245341184,-0.26237485370392877,-0.9997551733586199,-0.3048106211022167,0.8268286794901034,0.7738906815578891,-0.38778163540943045,-0.9938886539233752,-0.1760756199485871,0.8939966636005579,0.683261714736121,-0.5063656411097588,-0.9705352835374847,-0.044242678085070965,0,0,3,0,0
20,25,30,35,40,45,50,55,60,65,70,75,80,85,90,95,100,105,110,115,0.9129452507276277,-0.13235175009777303,-0.9880316240928618,-0.428182669496151,0.7451131604793488,0.8509035245341184,-0.26237485370392877,-0.9997551733586199,-0.3048106211022167,0.8268286794901034,0.7738906815578891,-0.38778163540943045,-0.9938886539233752,-0.1760756199485871,0.8939966636005579,0.683261714736121,-0.5063656411097588,-0.9705352835374847,-0.044242678085070965,0.9454353340247703,0,0,3,0,0
25,30,35,40,45,50,55,60,65,70,75,80,85,90,95,100,105,110,115,120,-0.13235175009777303,-0.9880316240928618,-0.428182669496151,0.7451131604793488,0.8509035245341184,-0.26237485370392877,-0.9997551733586199,-0.3048106211022167,0.8268286794901034,0.7738906815578891,-0.38778163540943045,-0.9938886539233752,-0.1760756199485871,0.8939966636005579,0.683261714736121,-0.5063656411097588,-0.9705352835374847,-0.044242678085070965,0.9454353340247703,0.5806111842123143,0,0,3,0,0
30,35,40,45,50,55,60,65,70,75,80,85,90,95,100,105,110,115,120,125,-0.9880316240928618,-0.428182669496151,0.7451131604793488,0.8509035245341184,-0.26237485370392877,-0.9997551733586199,-0.3048106211022167,0.8268286794901034,0.7738906815578891,-0.38778163540943045,-0.9938886539233752,-0.1760756199485871,0.8939966636005579,0.683261714736121,-0.5063656411097588,-0.9705352835374847,-0.044242678085070965,0.9454353340247703,0.5806111842123143,-0.6160404591886565,0,0,3,0,0
35,40,45,50,55,60,65,70,75,80,85,90,95,100,105,110,115,120,125,130,-0.428182669496151,0.7451131604793488,0.8509035245341184,-0.26237485370392877,-0.9997551733586199,-0.3048106211022167,0.8268286794901034,0.7738906815578891,-0.38778163540943045,-0.9938886539233752,-0.1760756199485871,0.8939966636005579,0.683261714736121,-0.5063656411097588,-0.9705352835374847,-0.044242678085070965,0.9454353340247703,0.5806111842123143,-0.6160404591886565,-0.9301059501867618,0,0,3,0,0
40,45,50,55,60,65,70,75,80,85,90,95,100,105,110,115,120,125,130,135,0.7451131604793488,0.8509035245341184,-0.26237485370392877,-0.9997551733586199,-0.3048106211022167,0.8268286794901034,0.7738906815578891,-0.38778163540943045,-0.9938886539233752,-0.1760756199485871,0.8939966636005579,0.683261714736121,-0.5063656411097588,-0.9705352835374847,-0.044242678085070965,0.9454353340247703,0.5806111842123143,-0.6160404591886565,-0.9301059501867618,0.08836868610400143,0,0,3,0,0
45,50,55,60,65,70,75,80,85,90,95,100,105,110,115,120,125,130,135,140,0.8509035245341184,-0.26237485370392877,-0.9997551733586199,-0.3048106211022167,0.8268286794901034,0.7738906815578891,-0.38778163540943045,-0.9938886539233752,-0.1760756199485871,0.8939966636005579,0.683261714736121,-0.5063656411097588,-0.9705352835374847,-0.044242678085070965,0.9454353340247703,0.5806111842123143,-0.6160404591886565,-0.9301059501867618,0.08836868610400143,0.9802396594403116,0,0,3,0,0
50,55,60,65,70,75,80,85,90,95,100,105,110,115,120,125,130,135,140,145,-0.26237485370392877,-0.9997551733586199,-0.3048106211022167,0.8268286794901034,0.7738906815578891,-0.38778163540943045,-0.9938886539233752,-0.1760756199485871,0.8939966636005579,0.683261714736121,-0.5063656411097588,-0.9705352835374847,-0.044242678085070965,0.9454353340247703,0.5806111842123143,-0.6160404591886565,-0.9301059501867618,0.08836868610400143,0.9802396594403116,0.4677451620451334,0,0,3,0,0
0,5,10,15,20,25,30,35,40,45,50,55,60,65,70,75,80,85,90,95,-0.0,0.9589242746631385,0.5440211108893698,-0.6502878401571168,-0.9129452507276277,0.13235175009777303,0.9880316240928618,0.428182669496151,-0.7451131604793488,-0.8509035245341184,0.26237485370392877,0.9997551733586199,0.3048106211022167,-0.8268286794901034,-0.7738906815578891,0.38778163540943045,0.9938886539233752,0.1760756199485871,-0.8939966636005579,-0.683261714736121,0,0,0,4,0
5,10,15,20,25,30,35,40,45,50,55,60,65,70,75,80,85,90,95,100,0.9589242746631385,0.5440211108893698,-0.6502878401571168,-0.9129452507276277,0.13235175009777303,0.9880316240928618,0.428182669496151,-0.7451131604793488,-0.8509035245341184,0.26237485370392877,0.9997551733586199,0.3048106211022167,-0.8268286794901034,-0.7738906815578891,0.38778163540943045,0.9938886539233752,0.1760756199485871,-0.8939966636005579,-0.683261714736121,0.5063656411097588,0,0,0,4,0
10,15,20,25,30,35,40,45,50,55,60,65,70,75,80,85,90,95,100,105,0.5440211108893698,-0.6502878401571168,-0.9129452507276277,0.13235175009777303,0.9880316240928618,0.428182669496151,-0.7451131604793488,-0.8509035245341184,0.26237485370392877,0.9997551733586199,0.3048106211022167,-0.8268286794901034,-0.7738906815578891,0.38778163540943045,0.9938886539233752,0.1760756199485871,-0.8939966636005579,-0.683261714736121,0.5063656411097588,0.9705352835374847,0,0,0,4,0
15,20,25,30,35,40,45,50,55,60,65,70,75,80,85,90,95,100,105,110,-0.6502878401571168,-0.9129452507276277,0.13235175009777303,0.9880316240928618,0.428182669496151,-0.7451131604793488,-0.8509035245341184,0.26237485370392877,0.9997551733586199,0.3048106211022167,-0.8268286794901034,-0.7738906815578891,0.38778163540943045,0.9938886539233752,0.1760756199485871,-0.8939966636005579,-0.683261714736121,0.5063656411097588,0.9705352835374847,0.044242678085070965,0,0,0,4,0
20,25,30,35,40,45,50,55,60,65,70,75,80,85,90,95,100,105,110,115,-0.9129452507276277,0.13235175009777303,0.9880316240928618,0.428182669496151,-0.7451131604793488,-0.8509035245341184,0.26237485370392877,0.9997551733586199,0.3048106211022167,-0.8268286794901034,-0.7738906815578891,0.38778163540943045,0.9938886539233752,0.1760756199485871,-0.8939966636005579,-0.683261714736121,0.5063656411097588,0.9705352835374847,0.044242678085070965,-0.9454353340247703,0,0,0,4,0
25,30,35,40,45,50,55,60,65,70,75,80,85,90,95,100,105,110,115,120,0.13235175009777303,0.9880316240928618,0.428182669496151,-0.7451131604793488,-0.8509035245341184,0.26237485370392877,0.9997551733586199,0.3048106211022167,-0.8268286794901034,-0.7738906815578891,0.38778163540943045,0.9938886539233752,0.1760756199485871,-0.8939966636005579,-0.683261714736121,0.5063656411097588,0.9705352835374847,0.044242678085070965,-0.9454353340247703,-0.5806111842123143,0,0,0,4,0
30,35,40,45,50,55,60,65,70,75,80,85,90,95,100,105,110,115,120,125,0.9880316240928618,0.428182669496151,-0.7451131604793488,-0.8509035245341184,0.26237485370392877,0.9997551733586199,0.3048106211022167,-0.8268286794901034,-0.7738906815578891,0.38778163540943045,0.9938886539233752,0.1760756199485871,-0.8939966636005579,-0.683261714736121,0.5063656411097588,0.9705352835374847,0.044242678085070965,-0.9454353340247703,-0.5806111842123143,0.6160404591886565,0,0,0,4,0
35,40,45,50,55,60,65,70,75,80,85,90,95,100,105,110,115,120,125,130,0.428182669496151,-0.7451131604793488,-0.8509035245341184,0.26237485370392877,0.9997551733586199,0.3048106211022167,-0.8268286794901034,-0.7738906815578891,0.38778163540943045,0.9938886539233752,0.1760756199485871,-0.8939966636005579,-0.683261714736121,0.5063656411097588,0.9705352835374847,0.044242678085070965,-0.9454353340247703,-0.5806111842123143,0.6160404591886565,0.9301059501867618,0,0,0,4,0
40,45,50,55,60,65,70,75,80,85,90,95,100,105,110,115,120,125,130,135,-0.7451131604793488,-0.8509035245341184,0.26237485370392877,0.9997551733586199,0.3048106211022167,-0.8268286794901034,-0.7738906815578891,0.38778163540943045,0.9938886539233752,0.1760756199485871,-0.8939966636005579,-0.683261714736121,0.5063656411097588,0.9705352835374847,0.044242678085070965,-0.9454353340247703,-0.5806111842123143,0.6160404591886565,0.9301059501867618,-0.08836868610400143,0,0,0,4,0
45,50,55,60,65,70,75,80,85,90,95,100,105,110,115,120,125,130,135,140,-0.8509035245341184,0.26237485370392877,0.9997551733586199,0.3048106211022167,-0.8268286794901034,-0.7738906815578891,0.38778163540943045,0.9938886539233752,0.1760756199485871,-0.8939966636005579,-0.683261714736121,0.5063656411097588,0.9705352835374847,0.044242678085070965,-0.9454353340247703,-0.5806111842123143,0.6160404591886565,0.9301059501867618,-0.08836868610400143,-0.9802396594403116,0,0,0,4,0
50,55,60,65,70,75,80,85,90,95,100,105,110,115,120,125,130,135,140,145,0.26237485370392877,0.9997551733586199,0.3048106211022167,-0.8268286794901034,-0.7738906815578891,0.38778163540943045,0.9938886539233752,0.1760756199485871,-0.8939966636005579,-0.683261714736121,0.5063656411097588,0.9705352835374847,0.044242678085070965,-0.9454353340247703,-0.5806111842123143,0.6160404591886565,0.9301059501867618,-0.08836868610400143,-0.9802396594403116,-0.4677451620451334,0,0,0,4,0
0,5,10,15,20,25,30,35,40,45,50,55,60,65,70,75,80,85,90,95,0,0,0,0,0,0,0,0,0,0,0,0,0,0,0,0,0,0,0,0,0,0,0,0,5
5,10,15,20,25,30,35,40,45,50,55,60,65,70,75,80,85,90,95,100,0,0,0,0,0,0,0,0,0,0,0,0,0,0,0,0,0,0,0,0,0,0,0,0,5
10,15,20,25,30,35,40,45,50,55,60,65,70,75,80,85,90,95,100,105,0,0,0,0,0,0,0,0,0,0,0,0,0,0,0,0,0,0,0,0,0,0,0,0,5
15,20,25,30,35,40,45,50,55,60,65,70,75,80,85,90,95,100,105,110,0,0,0,0,0,0,0,0,0,0,0,0,0,0,0,0,0,0,0,0,0,0,0,0,5
20,25,30,35,40,45,50,55,60,65,70,75,80,85,90,95,100,105,110,115,0,0,0,0,0,0,0,0,0,0,0,0,0,0,0,0,0,0,0,0,0,0,0,0,5
25,30,35,40,45,50,55,60,65,70,75,80,85,90,95,100,105,110,115,120,0,0,0,0,0,0,0,0,0,0,0,0,0,0,0,0,0,0,0,0,0,0,0,0,5
30,35,40,45,50,55,60,65,70,75,80,85,90,95,100,105,110,115,120,125,0,0,0,0,0,0,0,0,0,0,0,0,0,0,0,0,0,0,0,0,0,0,0,0,5
35,40,45,50,55,60,65,70,75,80,85,90,95,100,105,110,115,120,125,130,0,0,0,0,0,0,0,0,0,0,0,0,0,0,0,0,0,0,0,0,0,0,0,0,5
40,45,50,55,60,65,70,75,80,85,90,95,100,105,110,115,120,125,130,135,0,0,0,0,0,0,0,0,0,0,0,0,0,0,0,0,0,0,0,0,0,0,0,0,5
45,50,55,60,65,70,75,80,85,90,95,100,105,110,115,120,125,130,135,140,0,0,0,0,0,0,0,0,0,0,0,0,0,0,0,0,0,0,0,0,0,0,0,0,5
50,55,60,65,70,75,80,85,90,95,100,105,110,115,120,125,130,135,140,145,0,0,0,0,0,0,0,0,0,0,0,0,0,0,0,0,0,0,0,0,0,0,0,0,5
